%# submm counts @ 143 GHz
%# log S [mJy] -- log S^2.5 * dN/dS [Jy^1.5 sr^-1]
%# 
%# --- Unlensed Spheroids --- Lensed Spheroids ---
%# 
      -2.0000000      0.38978988      0.39111404
      -1.8333333      0.65841357      0.66027446
      -1.6666667      0.84693345      0.85005724
      -1.5000000       1.0405992       1.0452636
      -1.3333333       1.2016106       1.2077440
      -1.1666666       1.3311186       1.3389071
     -0.99999997       1.4386396       1.4481992
     -0.83333330       1.5227619       1.5341525
     -0.66666663       1.5594132       1.5734173
     -0.49999996       1.5237237       1.5426027
     -0.33333328       1.4825129       1.5065335
     -0.16666661       1.4441496       1.4724441
  5.9604645e-008       1.3332690       1.3703929
      0.16666673       1.1221909       1.1798456
      0.33333340      0.79659124      0.90126581
      0.50000007      0.33889504      0.55346790
      0.66666675     -0.27141626      0.19079800
      0.83333342      -1.0750420     -0.12177363
       1.0000001      -2.1198005     -0.36951633
       1.1666668      -3.4435634     -0.58246781
       1.3333334      -5.0620018     -0.77766439
       1.5000001      -6.9759932     -0.96420587
       1.6666668      -9.1884543      -1.1548387
       1.8333334      -11.706556      -1.3674508
       2.0000001      -14.568998      -1.6229902
       2.1666668      -17.844549      -1.9418478
       2.3333335      -21.673847      -2.3453170
       2.5000001       -Infinity      -2.8566987
       2.6666668       -Infinity      -3.5040962
       2.8333335       -Infinity      -4.3268503
       3.0000000       -Infinity      -3.9633412
