%# submm counts @ 353 GHz
%# log S [mJy] -- log S^2.5 * dN/dS [Jy^1.5 sr^-1]
%# 
%# --- Unlensed Spheroids --- Lensed Spheroids ---
%# 
      -2.0000000      0.50369018      0.50432188
      -1.8333333      0.82103840      0.82183247
      -1.6666667       1.0849777       1.0861007
      -1.5000000       1.3335936       1.3351048
      -1.3333333       1.5931420       1.5948382
      -1.1666666       1.8541374       1.8559542
     -0.99999997       2.1054903       2.1075486
     -0.83333330       2.3185097       2.3211253
     -0.66666663       2.4747274       2.4784628
     -0.49999996       2.6020667       2.6074059
     -0.33333328       2.7321676       2.7390556
     -0.16666661       2.8452334       2.8536794
  5.9604645e-008       2.9391366       2.9491600
      0.16666673       3.0379010       3.0487657
      0.33333340       3.1486087       3.1592240
      0.50000007       3.2480739       3.2581478
      0.66666675       3.2672033       3.2784003
      0.83333342       3.1611990       3.1775684
       1.0000001       3.0171796       3.0422769
       1.1666668       2.8081755       2.8492149
       1.3333334       2.4046791       2.4971778
       1.5000001       1.7204161       2.0134037
       1.6666668      0.68646198       1.6112912
       1.8333334     -0.75188290       1.3488779
       2.0000001      -2.6449871       1.1166539
       2.1666668      -5.0439618      0.91210841
       2.3333335      -7.9929076      0.73494889
       2.5000001      -11.522533      0.56520544
       2.6666668      -15.650988      0.38183166
       2.8333335      -20.429426      0.16826032
       3.0000000      -20.012759      0.15699373
