  0.158E-04    0.518E+11   0.158E+11   0.360E+11   0.108E+11   0.681E+10   0.292E+11
  0.200E-04    0.341E+11   0.101E+11   0.240E+11   0.728E+10   0.466E+10   0.193E+11
  0.251E-04    0.225E+11   0.643E+10   0.160E+11   0.486E+10   0.324E+10   0.128E+11
  0.316E-04    0.147E+11   0.403E+10   0.106E+11   0.318E+10   0.225E+10   0.837E+10
  0.398E-04    0.951E+10   0.257E+10   0.694E+10   0.206E+10   0.149E+10   0.545E+10
  0.501E-04    0.631E+10   0.164E+10   0.467E+10   0.136E+10   0.103E+10   0.364E+10
  0.631E-04    0.416E+10   0.106E+10   0.310E+10   0.924E+09   0.716E+09   0.238E+10
  0.794E-04    0.274E+10   0.700E+09   0.204E+10   0.627E+09   0.492E+09   0.155E+10
  0.100E-03    0.182E+10   0.469E+09   0.135E+10   0.408E+09   0.317E+09   0.104E+10
  0.126E-03    0.121E+10   0.313E+09   0.893E+09   0.251E+09   0.226E+09   0.667E+09
  0.158E-03    0.792E+09   0.213E+09   0.579E+09   0.165E+09   0.159E+09   0.420E+09
  0.200E-03    0.529E+09   0.143E+09   0.387E+09   0.114E+09   0.106E+09   0.280E+09
  0.251E-03    0.352E+09   0.968E+08   0.256E+09   0.727E+08   0.724E+08   0.183E+09
  0.316E-03    0.235E+09   0.672E+08   0.168E+09   0.474E+08   0.488E+08   0.119E+09
  0.398E-03    0.156E+09   0.467E+08   0.109E+09   0.314E+08   0.331E+08   0.758E+08
  0.501E-03    0.105E+09   0.328E+08   0.720E+08   0.207E+08   0.228E+08   0.491E+08
  0.631E-03    0.680E+08   0.213E+08   0.468E+08   0.129E+08   0.155E+08   0.313E+08
  0.794E-03    0.453E+08   0.148E+08   0.305E+08   0.867E+07   0.104E+08   0.202E+08
  0.100E-02    0.300E+08   0.100E+08   0.199E+08   0.544E+07   0.696E+07   0.130E+08
  0.126E-02    0.195E+08   0.648E+07   0.130E+08   0.357E+07   0.453E+07   0.844E+07
  0.158E-02    0.126E+08   0.430E+07   0.830E+07   0.226E+07   0.325E+07   0.505E+07
  0.200E-02    0.818E+07   0.280E+07   0.538E+07   0.142E+07   0.210E+07   0.327E+07
  0.251E-02    0.522E+07   0.174E+07   0.348E+07   0.920E+06   0.142E+07   0.206E+07
  0.316E-02    0.332E+07   0.110E+07   0.222E+07   0.588E+06   0.944E+06   0.127E+07
  0.398E-02    0.211E+07   0.679E+06   0.143E+07   0.382E+06   0.630E+06   0.801E+06
  0.501E-02    0.132E+07   0.409E+06   0.909E+06   0.238E+06   0.416E+06   0.493E+06
  0.631E-02    0.829E+06   0.246E+06   0.583E+06   0.153E+06   0.276E+06   0.308E+06
  0.794E-02    0.512E+06   0.145E+06   0.368E+06   0.968E+05   0.179E+06   0.188E+06
  0.100E-01    0.319E+06   0.856E+05   0.233E+06   0.606E+05   0.119E+06   0.114E+06
  0.126E-01    0.198E+06   0.481E+05   0.150E+06   0.395E+05   0.775E+05   0.722E+05
  0.158E-01    0.121E+06   0.271E+05   0.937E+05   0.246E+05   0.510E+05   0.427E+05
  0.200E-01    0.748E+05   0.155E+05   0.593E+05   0.153E+05   0.336E+05   0.257E+05
  0.251E-01    0.457E+05   0.837E+04   0.373E+05   0.969E+04   0.220E+05   0.153E+05
  0.316E-01    0.278E+05   0.462E+04   0.232E+05   0.616E+04   0.140E+05   0.919E+04
  0.398E-01    0.173E+05   0.249E+04   0.148E+05   0.390E+04   0.948E+04   0.531E+04
  0.501E-01    0.106E+05   0.136E+04   0.927E+04   0.243E+04   0.612E+04   0.315E+04
  0.631E-01    0.663E+04   0.791E+03   0.584E+04   0.156E+04   0.401E+04   0.183E+04
  0.794E-01    0.415E+04   0.413E+03   0.374E+04   0.995E+03   0.260E+04   0.113E+04
  0.100E+00    0.259E+04   0.230E+03   0.236E+04   0.613E+03   0.172E+04   0.639E+03
  0.126E+00    0.163E+04   0.114E+03   0.152E+04   0.407E+03   0.113E+04   0.388E+03
  0.158E+00    0.102E+04   0.661E+02   0.951E+03   0.271E+03   0.737E+03   0.213E+03
  0.200E+00    0.638E+03   0.359E+02   0.602E+03   0.161E+03   0.469E+03   0.133E+03
  0.251E+00    0.400E+03   0.204E+02   0.380E+03   0.103E+03   0.301E+03   0.785E+02
  0.316E+00    0.252E+03   0.112E+02   0.241E+03   0.667E+02   0.192E+03   0.485E+02
  0.398E+00    0.157E+03   0.603E+01   0.151E+03   0.435E+02   0.122E+03   0.295E+02
  0.501E+00    0.962E+02   0.341E+01   0.928E+02   0.276E+02   0.745E+02   0.183E+02
  0.631E+00    0.583E+02   0.190E+01   0.564E+02   0.173E+02   0.459E+02   0.106E+02
  0.794E+00    0.353E+02   0.111E+01   0.342E+02   0.110E+02   0.276E+02   0.659E+01
  0.100E+01    0.210E+02   0.602E+00   0.204E+02   0.652E+01   0.164E+02   0.404E+01
  0.126E+01    0.124E+02   0.354E+00   0.120E+02   0.386E+01   0.953E+01   0.247E+01
  0.158E+01    0.706E+01   0.190E+00   0.687E+01   0.224E+01   0.543E+01   0.144E+01
  0.200E+01    0.396E+01   0.104E+00   0.386E+01   0.126E+01   0.301E+01   0.844E+00
  0.251E+01    0.219E+01   0.627E-01   0.212E+01   0.719E+00   0.163E+01   0.492E+00
  0.316E+01    0.123E+01   0.337E-01   0.120E+01   0.399E+00   0.897E+00   0.301E+00
  0.398E+01    0.666E+00   0.198E-01   0.646E+00   0.211E+00   0.476E+00   0.170E+00
  0.501E+01    0.351E+00   0.125E-01   0.338E+00   0.115E+00   0.242E+00   0.968E-01
  0.631E+01    0.184E+00   0.497E-02   0.179E+00   0.586E-01   0.124E+00   0.553E-01
  0.794E+01    0.964E-01   0.321E-02   0.932E-01   0.311E-01   0.613E-01   0.319E-01
  0.100E+02    0.509E-01   0.128E-02   0.497E-01   0.171E-01   0.315E-01   0.182E-01
  0.126E+02    0.256E-01   0.438E-03   0.251E-01   0.824E-02   0.155E-01   0.962E-02
  0.158E+02    0.133E-01   0.305E-03   0.130E-01   0.398E-02   0.801E-02   0.496E-02
  0.200E+02    0.665E-02   0.121E-03   0.653E-02   0.225E-02   0.356E-02   0.298E-02
  0.251E+02    0.354E-02   0.961E-04   0.345E-02   0.975E-03   0.197E-02   0.147E-02
  0.316E+02    0.150E-02   0.000E+00   0.150E-02   0.458E-03   0.894E-03   0.611E-03
  0.398E+02    0.823E-03   0.000E+00   0.823E-03   0.234E-03   0.460E-03   0.363E-03
  0.501E+02    0.406E-03   0.000E+00   0.406E-03   0.117E-03   0.193E-03   0.213E-03
  0.631E+02    0.202E-03   0.000E+00   0.202E-03   0.820E-04   0.101E-03   0.101E-03
  0.794E+02    0.955E-04   0.000E+00   0.955E-04   0.260E-04   0.716E-04   0.239E-04
  0.100E+03    0.448E-04   0.000E+00   0.448E-04   0.103E-04   0.314E-04   0.134E-04
