% 
% column 1 : log(S [mJy]) 
% column 2 : dN/dlgS [deg^{-2}] SPIRALS
% column 3 : dN/dlgS [deg^{-2}] STARBURSTS
% column 4 : N(>S) [deg^{-2}] SPIRALS
% column 5 : N(>S) [deg^{-2}] STARBURSTS
% 
   -4.000000      5.29250771e+05   3.85638261e+06      8.34657382e+05   4.37847819e+06
   -3.960000      5.17203551e+05   3.72717783e+06      8.13728296e+05   4.22680698e+06
   -3.920000      5.05430559e+05   3.60230193e+06      7.93275614e+05   4.08021738e+06
   -3.880000      4.93925553e+05   3.48160989e+06      7.73288491e+05   3.93853915e+06
   -3.840000      4.82682432e+05   3.36496153e+06      7.53756332e+05   3.80160772e+06
   -3.800000      4.71695235e+05   3.25222136e+06      7.34668778e+05   3.66926406e+06
   -3.760000      4.60958136e+05   3.14325845e+06      7.16015711e+05   3.54135446e+06
   -3.720000      4.50465444e+05   3.03794624e+06      6.97787239e+05   3.41773037e+06
   -3.680000      4.40211593e+05   2.93616242e+06      6.79973699e+05   3.29824820e+06
   -3.640000      4.30191148e+05   2.83778877e+06      6.62565644e+05   3.18276917e+06
   -3.600000      4.20398794e+05   2.74271103e+06      6.45553845e+05   3.07115918e+06
   -3.560000      4.10829341e+05   2.65081877e+06      6.28929282e+05   2.96328858e+06
   -3.520000      4.01477713e+05   2.56200527e+06      6.12683141e+05   2.85903210e+06
   -3.480000      3.92338953e+05   2.47616738e+06      5.96806808e+05   2.75826865e+06
   -3.440000      3.83408214e+05   2.39320538e+06      5.81291865e+05   2.66088119e+06
   -3.400000      3.74680761e+05   2.31302294e+06      5.66130085e+05   2.56675663e+06
   -3.360000      3.66151966e+05   2.23552690e+06      5.51313430e+05   2.47578563e+06
   -3.320000      3.57817307e+05   2.16062728e+06      5.36834045e+05   2.38786254e+06
   -3.280000      3.49672364e+05   2.08823706e+06      5.22684252e+05   2.30288526e+06
   -3.240000      3.41712818e+05   2.01827218e+06      5.08856548e+05   2.22075507e+06
   -3.200000      3.33934448e+05   1.95065136e+06      4.95343603e+05   2.14137660e+06
   -3.160000      3.26333129e+05   1.88529605e+06      4.82138251e+05   2.06465765e+06
   -3.120000      3.18904829e+05   1.82213036e+06      4.69233492e+05   1.99050913e+06
   -3.080000      3.11645609e+05   1.76108089e+06      4.56622483e+05   1.91884490e+06
   -3.040000      3.04551619e+05   1.70207675e+06      4.44298539e+05   1.84958175e+06
   -3.000000      2.97619096e+05   1.64504938e+06      4.32255124e+05   1.78263923e+06
   -2.960000      2.90844362e+05   1.58993255e+06      4.20485855e+05   1.71793959e+06
   -2.920000      2.84223822e+05   1.53666221e+06      4.08984491e+05   1.65540769e+06
   -2.880000      2.77753965e+05   1.48517648e+06      3.97744936e+05   1.59497092e+06
   -2.840000      2.71431356e+05   1.43541556e+06      3.86761229e+05   1.53655908e+06
   -2.800000      2.65252642e+05   1.38732161e+06      3.76027549e+05   1.48010433e+06
   -2.760000      2.59214539e+05   1.34083874e+06      3.65538206e+05   1.42554113e+06
   -2.720000      2.53313842e+05   1.29591294e+06      3.55287638e+05   1.37280609e+06
   -2.680000      2.47547417e+05   1.25249199e+06      3.45270413e+05   1.32183799e+06
   -2.640000      2.41912201e+05   1.21052544e+06      3.35481221e+05   1.27257765e+06
   -2.600000      2.36405199e+05   1.16996447e+06      3.25914873e+05   1.22496785e+06
   -2.560000      2.31023479e+05   1.13076190e+06      3.16566299e+05   1.17895332e+06
   -2.520000      2.25764177e+05   1.09287217e+06      3.07430546e+05   1.13448064e+06
   -2.480000      2.20624493e+05   1.05625116e+06      2.98502772e+05   1.09149817e+06
   -2.440000      2.15601690e+05   1.02085628e+06      2.89778249e+05   1.04995602e+06
   -2.400000      2.10693088e+05   9.86646321e+05      2.81252353e+05   1.00980597e+06
   -2.360000      2.05896059e+05   9.53581353e+05      2.72920570e+05   9.71001418e+05
   -2.320000      2.01208034e+05   9.21622909e+05      2.64778488e+05   9.33497333e+05
   -2.280000      1.96626505e+05   8.90733682e+05      2.56821798e+05   8.97250201e+05
   -2.240000      1.92149014e+05   8.60877650e+05      2.49046287e+05   8.62217975e+05
   -2.200000      1.87773153e+05   8.32019918e+05      2.41447844e+05   8.28360023e+05
   -2.160000      1.83496543e+05   8.04126589e+05      2.34022450e+05   7.95637093e+05
   -2.120000      1.79316864e+05   7.77165132e+05      2.26766182e+05   7.64011259e+05
   -2.080000      1.75231849e+05   7.51103843e+05      2.19675208e+05   7.33445879e+05
   -2.040000      1.71239271e+05   7.25912166e+05      2.12745785e+05   7.03905559e+05
   -2.000000      1.67336939e+05   7.01560395e+05      2.05974261e+05   6.75356108e+05
   -1.960000      1.63522656e+05   6.78019482e+05      1.99357069e+05   6.47764510e+05
   -1.920000      1.59794287e+05   6.55261823e+05      1.92890730e+05   6.21098884e+05
   -1.880000      1.56149749e+05   6.33260212e+05      1.86571850e+05   5.95328443e+05
   -1.840000      1.52586975e+05   6.11988533e+05      1.80397115e+05   5.70423469e+05
   -1.800000      1.49103921e+05   5.91421204e+05      1.74363297e+05   5.46355274e+05
   -1.760000      1.45698469e+05   5.71532832e+05      1.68467249e+05   5.23096193e+05
   -1.720000      1.42368576e+05   5.52299843e+05      1.62705908e+05   5.00619540e+05
   -1.680000      1.39112256e+05   5.33698408e+05      1.57076292e+05   4.78899575e+05
   -1.640000      1.35927504e+05   5.15705882e+05      1.51575497e+05   4.57911489e+05
   -1.600000      1.32812313e+05   4.98299717e+05      1.46200700e+05   4.37631377e+05
   -1.560000      1.29764473e+05   4.81456872e+05      1.40949165e+05   4.18036245e+05
   -1.520000      1.26781887e+05   4.65156998e+05      1.35818237e+05   3.99103968e+05
   -1.480000      1.23862537e+05   4.49378461e+05      1.30805349e+05   3.80813258e+05
   -1.440000      1.21004322e+05   4.34101163e+05      1.25908012e+05   3.63143666e+05
   -1.400000      1.18205104e+05   4.19304456e+05      1.21123823e+05   3.46075554e+05
   -1.360000      1.15462304e+05   4.04966202e+05      1.16450475e+05   3.29590140e+05
   -1.320000      1.12773550e+05   3.91068682e+05      1.11885758e+05   3.13669443e+05
   -1.280000      1.10136607e+05   3.77591283e+05      1.07427555e+05   2.98296243e+05
   -1.240000      1.07549059e+05   3.64515739e+05      1.03073841e+05   2.83454103e+05
   -1.200000      1.05008411e+05   3.51822297e+05      9.88226920e+04   2.69127342e+05
   -1.160000      1.02511319e+05   3.39488401e+05      9.46722974e+04   2.55301128e+05
   -1.120000      1.00054867e+05   3.27498929e+05      9.06209737e+04   2.41961382e+05
   -1.080000      9.76364176e+04   3.15833581e+05      8.66671480e+04   2.29094732e+05
   -1.040000      9.52530187e+04   3.04475952e+05      8.28093593e+04   2.16688541e+05
   -1.000000      9.29016374e+04   2.93406901e+05      7.90462662e+04   2.04730884e+05
   -0.960000      9.05777796e+04   2.82603139e+05      7.53766778e+04   1.93210683e+05
   -0.920000      8.82778383e+04   2.72053384e+05      7.17995655e+04   1.82117553e+05
   -0.880000      8.59988105e+04   2.61738430e+05      6.83140325e+04   1.71441716e+05
   -0.840000      8.37372399e+04   2.51645406e+05      6.49193115e+04   1.61174040e+05
   -0.800000      8.14897304e+04   2.41757256e+05      6.16147721e+04   1.51305986e+05
   -0.760000      7.92506782e+04   2.32052043e+05      5.83999639e+04   1.41829800e+05
   -0.720000      7.70162095e+04   2.22525443e+05      5.52746262e+04   1.32738251e+05
   -0.680000      7.47836493e+04   2.13162646e+05      5.22386290e+04   1.24024489e+05
   -0.640000      7.25498101e+04   2.03958059e+05      4.92919598e+04   1.15682075e+05
   -0.600000      7.03119738e+04   1.94900436e+05      4.64347241e+04   1.07704905e+05
   -0.560000      6.80645379e+04   1.85974032e+05      4.36671939e+04   1.00087415e+05
   -0.520000      6.58048642e+04   1.77185522e+05      4.09898059e+04   9.28242244e+04
   -0.480000      6.35323171e+04   1.68529392e+05      3.84030622e+04   8.59099261e+04
   -0.440000      6.12457924e+04   1.60011240e+05      3.59075000e+04   7.93391135e+04
   -0.400000      5.89452970e+04   1.51629518e+05      3.35036783e+04   7.31062983e+04
   -0.360000      5.66275432e+04   1.43379311e+05      3.11922214e+04   6.72061217e+04
   -0.320000      5.42934390e+04   1.35279470e+05      2.89738018e+04   6.16329461e+04
   -0.280000      5.19464903e+04   1.27335955e+05      2.68490032e+04   5.63806376e+04
   -0.240000      4.95897025e+04   1.19565033e+05      2.48182794e+04   5.14426179e+04
   -0.200000      4.72276547e+04   1.11974305e+05      2.28819322e+04   4.68118311e+04
   -0.160000      4.48614541e+04   1.04568742e+05      2.10401500e+04   4.24809702e+04
   -0.120000      4.24968452e+04   9.73736510e+04      1.92929841e+04   3.84421223e+04
   -0.080000      4.01419421e+04   9.04015409e+04      1.76402083e+04   3.46866185e+04
   -0.040000      3.78039813e+04   8.36716539e+04      1.60812898e+04   3.12051546e+04
    0.000000      3.54915082e+04   7.71935622e+04      1.46153801e+04   2.79878503e+04
    0.040000      3.32094994e+04   7.09741316e+04      1.32413599e+04   2.50244964e+04
    0.080000      3.09667199e+04   6.50340532e+04      1.19578355e+04   2.23043327e+04
    0.120000      2.87731099e+04   5.93823834e+04      1.07630389e+04   1.98160040e+04
    0.160000      2.66371091e+04   5.40307279e+04      9.65483454e+03   1.75477417e+04
    0.200000      2.45674678e+04   4.89815535e+04      8.63074300e+03   1.54874961e+04
    0.240000      2.25694640e+04   4.42346024e+04      7.68800437e+03   1.36231730e+04
    0.280000      2.06504957e+04   3.97972761e+04      6.82360517e+03   1.19425354e+04
    0.320000      1.88176851e+04   3.56679594e+04      6.03424156e+03   1.04332307e+04
    0.360000      1.70763384e+04   3.18451325e+04      5.31636109e+03   9.08296887e+03
    0.400000      1.54310599e+04   2.83204925e+04      4.66621312e+03   7.87965637e+03
    0.440000      1.38835746e+04   2.50838697e+04      4.07992043e+03   6.81156912e+03
    0.480000      1.24363141e+04   2.21290431e+04      3.55352266e+03   5.86731087e+03
    0.520000      1.10906513e+04   1.94443315e+04      3.08298335e+03   5.03584337e+03
    0.560000      9.84652288e+03   1.70178340e+04      2.66423987e+03   4.30660006e+03
    0.600000      8.70284097e+03   1.48340277e+04      2.29325259e+03   3.66956283e+03
    0.640000      7.65672857e+03   1.28769368e+04      1.96606120e+03   3.11534354e+03
    0.680000      6.70546818e+03   1.11330339e+04      1.67881726e+03   2.63514413e+03
    0.720000      5.84542361e+03   9.58656693e+03      1.42779943e+03   2.22075211e+03
    0.760000      5.07235146e+03   8.22222557e+03      1.20944393e+03   1.86457626e+03
    0.800000      4.38135659e+03   7.02366228e+03      1.02036976e+03   1.55965850e+03
    0.840000      3.76690159e+03   5.97519328e+03      8.57404601e+02   1.29968139e+03
    0.880000      3.22369496e+03   5.06304267e+03      7.17592671e+02   1.07891667e+03
    0.920000      2.74610982e+03   4.27322585e+03      5.98196575e+02   8.92191303e+02
    0.960000      2.32863362e+03   3.59270825e+03      4.96701706e+02   7.34872621e+02
    1.000000      1.96565609e+03   3.00878472e+03      4.10815912e+02   6.02842762e+02
    1.040000      1.65167519e+03   2.50981761e+03      3.38469287e+02   4.92470715e+02
    1.080000      1.38161691e+03   2.08565441e+03      2.77803445e+02   4.00561275e+02
    1.120000      1.15053415e+03   1.72671207e+03      2.27160424e+02   3.24313945e+02
    1.160000      9.53905438e+02   1.42437759e+03      1.85071632e+02   2.61292152e+02
    1.200000      7.87435887e+02   1.17072507e+03      1.50244805e+02   2.09390099e+02
    1.240000      6.47195858e+02   9.58754693e+02      1.21552170e+02   1.66800503e+02
    1.280000      5.29692842e+02   7.82469793e+02      9.80143965e+01   1.31976014e+02
    1.320000      4.31712714e+02   6.36483362e+02      7.87862854e+01   1.03596951e+02
    1.360000      3.50444787e+02   5.16106928e+02      6.31431354e+01   8.05451448e+01
    1.400000      2.83353204e+02   4.17206604e+02      5.04671755e+01   6.18788741e+01
    1.440000      2.28222582e+02   3.36242979e+02      4.02356598e+01   4.68098825e+01
    1.480000      1.83150140e+02   2.65326164e+02      3.20082053e+01   3.47784996e+01
    1.520000      1.46462303e+02   2.03044746e+02      2.54159565e+01   2.54110814e+01
    1.560000      1.16744118e+02   1.51541593e+02      2.01518280e+01   1.83193547e+01
    1.600000      9.27722584e+01   1.11047612e+02      1.59615005e+01   1.30675705e+01
    1.640000      7.35156184e+01   8.04591582e+01      1.26357430e+01   9.23743514e+00
    1.680000      5.81158139e+01   5.65047228e+01      1.00031143e+01   6.49815752e+00
    1.720000      4.58461481e+01   3.21777568e+01      7.92387509e+00   4.72450793e+00
    1.760000      3.61094975e+01   1.62612553e+01      6.28476218e+00   3.75572769e+00
    1.800000      2.84083532e+01   1.16640069e+01      4.99440517e+00   3.19722244e+00
    1.840000      2.23358976e+01   9.80890713e+00      3.97952015e+00   2.76776416e+00
    1.880000      1.75630270e+01   8.44753074e+00      3.18154166e+00   2.40263540e+00
    1.920000      1.38202743e+01   7.31929643e+00      2.55387564e+00   2.08729886e+00
    1.960000      1.08918064e+01   6.36118279e+00      2.05963402e+00   1.81368927e+00
    2.000000      8.60355927e+00   5.53748135e+00      1.66972671e+00   1.57571599e+00
    2.040000      6.81694545e+00   4.82195330e+00      1.36131662e+00   1.36852730e+00
    2.080000      5.42271821e+00   4.20059620e+00      1.11652334e+00   1.18807631e+00
    2.120000      4.33398598e+00   3.65986220e+00      9.21389261e-01   1.03086714e+00
    2.160000      3.48272123e+00   3.19371952e+00      7.65055117e-01   8.93795506e-01
    2.200000      2.81554788e+00   2.78554569e+00      6.39089735e-01   7.74210202e-01
    2.240000      2.29091090e+00   2.42653429e+00      5.36960559e-01   6.69968602e-01
    2.280000      1.87673581e+00   2.11118435e+00      4.53607625e-01   5.79214230e-01
    2.320000      1.54807642e+00   1.83472439e+00      3.85111380e-01   5.00296055e-01
    2.360000      1.28573711e+00   1.59281693e+00      3.28435110e-01   4.31745229e-01
    2.400000      1.07492704e+00   1.38151165e+00      2.81221826e-01   3.72258657e-01
    2.440000      9.04286345e-01   1.19723378e+00      2.41637559e-01   3.20683749e-01
    2.480000      7.65132893e-01   1.03675796e+00      2.08249174e-01   2.76003914e-01
    2.520000      6.50770610e-01   8.93097155e-01      1.79931104e-01   2.37406811e-01
    2.560000      5.56066111e-01   7.66252768e-01      1.55794369e-01   2.04219813e-01
    2.600000      4.77057694e-01   6.57015206e-01      1.35131893e-01   1.75754453e-01
    2.640000      4.10684908e-01   5.63655113e-01      1.17377041e-01   1.51341047e-01
    2.680000      3.54576886e-01   4.83772772e-01      1.02071805e-01   1.30392489e-01
    2.720000      3.06871991e-01   4.15476926e-01      8.88428280e-02   1.12407495e-01
    2.760000      2.66111512e-01   3.57086533e-01      7.73831579e-02   9.69562262e-02
    2.800000      2.31132572e-01   3.07121413e-01      6.74382762e-02   8.36720673e-02
    2.840000      2.01005951e-01   2.64309124e-01      5.87955058e-02   7.22434566e-02
    2.880000      1.74980818e-01   2.27593137e-01      5.12757704e-02   6.24054114e-02
    2.920000      1.52441224e-01   1.96094594e-01      4.47273296e-02   5.39316567e-02
    2.960000      1.32882877e-01   1.69057958e-01      3.90208475e-02   4.66286057e-02
    3.000000      1.15883508e-01   1.45833379e-01      3.40455198e-02   4.03307790e-02
    3.040000      1.01090313e-01   1.25867099e-01      2.97060434e-02   3.48967694e-02
    3.080000      8.82048455e-02   1.08689709e-01      2.59201402e-02   3.02056332e-02
    3.120000      7.69723180e-02   9.39037824e-02      2.26165970e-02   2.61537634e-02
    3.160000      6.71761279e-02   8.11662654e-02      1.97336281e-02   2.26523624e-02
    3.200000      5.86289247e-02   7.01850996e-02      1.72175270e-02   1.96253351e-02
    3.240000      5.11696784e-02   6.07122768e-02      1.50215549e-02   1.70073876e-02
    3.280000      4.46587758e-02   5.25364932e-02      1.31049859e-02   1.47424122e-02
    3.320000      3.89748603e-02   4.54769122e-02      1.14323131e-02   1.27821441e-02
    3.360000      3.40128459e-02   3.93784844e-02      9.97255901e-03   1.10850362e-02
    3.400000      2.96808653e-02   3.41082097e-02      8.69868479e-03   9.61530230e-03
    3.440000      2.58990617e-02   2.95518391e-02      7.58708625e-03   8.34210132e-03
    3.480000      2.25976743e-02   2.56114507e-02      6.61715153e-03   7.23883552e-03
    3.520000      1.97157845e-02   2.22022650e-02      5.77088235e-03   6.28256121e-03
    3.560000      1.72002995e-02   1.92514549e-02      5.03256067e-03   5.45348681e-03
    3.600000      1.50047524e-02   1.66966197e-02      4.38845964e-03   4.73452532e-03
    3.640000      1.30886165e-02   1.44838405e-02      3.82659226e-03   4.11091611e-03
    3.680000      1.14164479e-02   1.25668760e-02      3.33649097e-03   3.56990178e-03
    3.720000      9.95728997e-03   1.09041790e-02      2.90901621e-03   3.10048068e-03
    3.760000      8.68411390e-03   9.46262053e-03      2.53618814e-03   2.69314469e-03
    3.800000      7.57328708e-03   8.21307925e-03      2.21104012e-03   2.33963070e-03
    3.840000      6.60418888e-03   7.12968694e-03      1.92749060e-03   2.03277537e-03
    3.880000      5.75878491e-03   6.19021006e-03      1.68023112e-03   1.76637743e-03
    3.920000      5.02134288e-03   5.37536201e-03      1.46462857e-03   1.53506599e-03
    3.960000      4.37811573e-03   4.66844878e-03      1.27663939e-03   1.33418978e-03
    4.000000      3.81710031e-03   4.05510223e-03      1.11273507e-03   1.15971875e-03
    4.040000      3.32782507e-03   3.52279181e-03      9.69836566e-04   1.00816087e-03
    4.080000      2.90113225e-03   3.06077143e-03      8.45257419e-04   8.76489609e-04
    4.120000      2.52904540e-03   2.65968894e-03      7.36653866e-04   7.62080402e-04
    4.160000      2.20458831e-03   2.31142924e-03      6.41981192e-04   6.62658038e-04
    4.200000      1.92168093e-03   2.00901709e-03      5.59455807e-04   5.76249111e-04
    4.240000      1.67501651e-03   1.74635058e-03      4.87521858e-04   5.01141758e-04
    4.280000      1.45995755e-03   1.51819105e-03      4.24822377e-04   4.35850925e-04
    4.320000      1.27246787e-03   1.31997799e-03      3.70173868e-04   3.79087545e-04
    4.360000      1.10901570e-03   1.14774654e-03      3.22544197e-04   3.29733054e-04
    4.400000      9.66528611e-04   9.98088682e-04      2.81033311e-04   2.86816350e-04
    4.440000      8.42321539e-04   8.68013704e-04      2.44856308e-04   2.49494302e-04
    4.480000      7.34052581e-04   7.54932779e-04      2.13328825e-04   2.17035373e-04
    4.520000      6.39681591e-04   6.56512422e-04      1.85854142e-04   1.88806469e-04
    4.560000      5.57425275e-04   5.70929809e-04      1.61912005e-04   1.64257624e-04
    4.600000      4.85733197e-04   4.96547275e-04      1.41048835e-04   1.42908082e-04
    4.640000      4.23249074e-04   4.31884407e-04      1.22869190e-04   1.24339449e-04
    4.680000      3.68792799e-04   3.75671098e-04      1.07028352e-04   1.08188339e-04
    4.720000      3.21333918e-04   3.26799075e-04      9.32258180e-05   9.41389351e-05
    4.760000      2.79974287e-04   2.84302106e-04      8.11996539e-05   8.19169114e-05
    4.800000      2.43931868e-04   2.47350298e-04      7.07215308e-05   7.12838634e-05
    4.840000      2.12523034e-04   2.15212935e-04      6.15924328e-05   6.20325987e-05
    4.880000      1.85153693e-04   1.87263052e-04      5.36388983e-05   5.39830790e-05
    4.920000      1.61304016e-04   1.62953075e-04      4.67097441e-05   4.69787564e-05
    4.960000      1.40522443e-04   1.41805646e-04      4.06732149e-05   4.08835820e-05
    5.000000      1.22414610e-04   1.23410126e-04      3.54144739e-05   3.55792666e-05
    5.040000      1.06636716e-04   1.07405162e-04      3.08334473e-05   3.09629608e-05
    5.080000      9.28896587e-05   9.34804144e-05      2.68429198e-05   2.69452493e-05
    5.120000      8.09117291e-05   8.13644314e-05      2.33668921e-05   2.34483524e-05
    5.160000      7.04759983e-05   7.08052103e-05      2.03391375e-05   2.04049596e-05
    5.200000      6.13837593e-05   6.16143862e-05      1.77019424e-05   1.77565676e-05
    5.240000      5.34623933e-05   5.36181072e-05      1.54050193e-05   1.54519178e-05
    5.280000      4.65612631e-05   4.66615981e-05      1.34045462e-05   1.34463237e-05
    5.320000      4.05489152e-05   4.06090728e-05      1.16623426e-05   1.17009102e-05
    5.360000      3.53112367e-05   3.53426932e-05      1.01451396e-05   1.01818749e-05
    5.400000      3.07482751e-05   3.07604377e-05      8.82394936e-06   8.85981230e-06
    5.440000      2.67733979e-05   2.67728054e-05      7.67351590e-06   7.70914743e-06
    5.480000      2.33107623e-05   2.33028224e-05      6.67183270e-06   6.70763488e-06
    5.520000      2.02944528e-05   2.02829314e-05      5.79972840e-06   5.83591980e-06
    5.560000      1.76670387e-05   1.76546785e-05      5.04049857e-06   5.07716760e-06
    5.600000      1.53783505e-05   1.53672377e-05      4.37959079e-06   4.41672928e-06
    5.640000      1.33848806e-05   1.33761678e-05      3.80432616e-06   3.84186117e-06
    5.680000      1.16484931e-05   1.16431581e-05      3.30365869e-06   3.34147465e-06
    5.720000      1.01361520e-05   1.01345710e-05      2.86796579e-06   2.90592007e-06
    5.760000      8.81894900e-06   8.81960594e-06      2.48886377e-06   2.52683653e-06
    5.800000      7.67174682e-06   7.67437545e-06      2.15904985e-06   2.19695691e-06
    5.840000      6.67267209e-06   6.67763331e-06      1.87216147e-06   1.90991673e-06
    5.880000      5.80258777e-06   5.81025904e-06      1.62265627e-06   1.66015888e-06
    5.920000      5.04492485e-06   5.05538177e-06      1.40570602e-06   1.44284607e-06
    5.960000      4.38514634e-06   4.39844267e-06      1.21710460e-06   1.25376958e-06
    6.000000      3.81066634e-06   3.82670224e-06      1.05318834e-06   1.08926668e-06
